{"nbformat":4,"nbformat_minor":0,"metadata":{"colab":{"provenance":[{"file_id":"19XlD6YJQb32pJQfAUfigSPiyhDPtJ2vz","timestamp":1676572107250}]},"kernelspec":{"name":"python3","display_name":"Python 3"},"language_info":{"name":"python"}},"cells":[{"cell_type":"markdown","source":["**Importing Data Analysis Libraries**"],"metadata":{"id":"GXtVJYBmi3KT"}},{"cell_type":"code","execution_count":null,"metadata":{"id":"wPhubcoeZOBT"},"outputs":[],"source":["import numpy as np # Library used for mathematical operations on array and matrices\n","import pandas as pd # manipulation and analysis of data\n","from sklearn.preprocessing import StandardScaler # Used for standardization of data \n","from sklearn.model_selection import GridSearchCV # estimator (model) on your training set.\n","from sklearn.linear_model import SGDRegressor # Implements a plain stochastic gradient descent\n","import plotly.graph_objs as go # class definitions for the objects that make up the plots\n","import plotly.figure_factory as ff # contains wrapper functions\n","from sklearn.model_selection import train_test_split # splitting data arrays into two subsets: for training data and for testing data. \n","from sklearn.linear_model import LogisticRegression  # create a Logistic Regression classifier object\n","from sklearn import metrics # module implements several loss, score, and utility functions to measure classification performance\n","import seaborn as sn # seaborn uses matplotlib to draw its plots. \n","import matplotlib.pyplot as plt # to plot graph \n","import warnings # To warn programmers about changes in language or library \n"]},{"cell_type":"markdown","source":["**Reading Dataset.csv File**"],"metadata":{"id":"i73bmIhPaTj6"}},{"cell_type":"code","source":["Health_Scrng = pd.read_csv(\"new.csv\") # Read File \n","print(\"File has Loaded Successfully\") # Print Function"],"metadata":{"id":"Xhzo9XQiscwd","executionInfo":{"status":"ok","timestamp":1648472196694,"user_tz":-60,"elapsed":356,"user":{"displayName":"SAYALI JADHAV","photoUrl":"https://lh3.googleusercontent.com/a-/AOh14GgIDhIl74aCYMmEcr4cJ42IYAm1yT2fvv6y4kTAlg=s64","userId":"03837682807062617368"}},"colab":{"base_uri":"https://localhost:8080/"},"outputId":"12fdc528-647b-4b74-ecfb-9932539c22aa"},"execution_count":null,"outputs":[{"output_type":"stream","name":"stdout","text":["File has Loaded Successfully\n"]}]},{"cell_type":"markdown","source":["**Displaying Length of dataset**"],"metadata":{"id":"6P-TKKVDlgeT"}},{"cell_type":"code","source":["print(Health_Scrng.shape) # Dimensions "],"metadata":{"id":"GvUG4QLPvaq_","colab":{"base_uri":"https://localhost:8080/"},"executionInfo":{"status":"ok","timestamp":1648472198525,"user_tz":-60,"elapsed":348,"user":{"displayName":"SAYALI JADHAV","photoUrl":"https://lh3.googleusercontent.com/a-/AOh14GgIDhIl74aCYMmEcr4cJ42IYAm1yT2fvv6y4kTAlg=s64","userId":"03837682807062617368"}},"outputId":"f318ec06-f6fb-4609-faba-6bbcdf11b46a"},"execution_count":null,"outputs":[{"output_type":"stream","name":"stdout","text":["(10494, 17)\n"]}]},{"cell_type":"markdown","source":["**Printing Top 5 Rows with head() Function**"],"metadata":{"id":"VZB_VF34lsBh"}},{"cell_type":"code","source":["print(Health_Scrng.head()) # Return first 5 rows of dataframe"],"metadata":{"id":"gIn827W2vh2X","colab":{"base_uri":"https://localhost:8080/"},"executionInfo":{"status":"ok","timestamp":1648472200133,"user_tz":-60,"elapsed":338,"user":{"displayName":"SAYALI JADHAV","photoUrl":"https://lh3.googleusercontent.com/a-/AOh14GgIDhIl74aCYMmEcr4cJ42IYAm1yT2fvv6y4kTAlg=s64","userId":"03837682807062617368"}},"outputId":"88a828c5-cf1b-43ee-872d-2a05413e8300"},"execution_count":null,"outputs":[{"output_type":"stream","name":"stdout","text":["   id    age  gender  height  weight  ap_hi  ap_lo  cholesterol  gluc  smoke  \\\n","0  28  17482       1     154    68.0    100     70            1     1      0   \n","1  29  21755       2     162    56.0    120     70            1     1      1   \n","2  32  23046       1     158    90.0    145     85            2     2      0   \n","3  36  14453       1     153    65.0    130    100            2     1      0   \n","4  44  14605       1     159    60.0    110     70            1     1      0   \n","\n","   alco  active  cardio  AgeinYr   BMI       BMICat AgeGroup  \n","0     0       0       0       47  28.7  Over Weight    40-60  \n","1     0       1       0       59  21.3       Normal    40-60  \n","2     0       1       1       63  36.1        Obese      >60  \n","3     0       1       0       39  27.8  Over Weight    20-40  \n","4     0       1       0       40  23.7       Normal    20-40  \n"]}]},{"cell_type":"markdown","source":["**info() Function**"],"metadata":{"id":"wbaS7qmXl3-W"}},{"cell_type":"code","source":["print(Health_Scrng.info()) # prints information about the DataFrame"],"metadata":{"id":"nvwvytUtvo67","colab":{"base_uri":"https://localhost:8080/"},"executionInfo":{"status":"ok","timestamp":1648472202425,"user_tz":-60,"elapsed":368,"user":{"displayName":"SAYALI JADHAV","photoUrl":"https://lh3.googleusercontent.com/a-/AOh14GgIDhIl74aCYMmEcr4cJ42IYAm1yT2fvv6y4kTAlg=s64","userId":"03837682807062617368"}},"outputId":"b288ee70-b183-41d8-aeca-2e39f3b8e994"},"execution_count":null,"outputs":[{"output_type":"stream","name":"stdout","text":["<class 'pandas.core.frame.DataFrame'>\n","RangeIndex: 10494 entries, 0 to 10493\n","Data columns (total 17 columns):\n"," #   Column       Non-Null Count  Dtype  \n","---  ------       --------------  -----  \n"," 0   id           10494 non-null  int64  \n"," 1   age          10494 non-null  int64  \n"," 2   gender       10494 non-null  int64  \n"," 3   height       10494 non-null  int64  \n"," 4   weight       10494 non-null  float64\n"," 5   ap_hi        10494 non-null  int64  \n"," 6   ap_lo        10494 non-null  int64  \n"," 7   cholesterol  10494 non-null  int64  \n"," 8   gluc         10494 non-null  int64  \n"," 9   smoke        10494 non-null  int64  \n"," 10  alco         10494 non-null  int64  \n"," 11  active       10494 non-null  int64  \n"," 12  cardio       10494 non-null  int64  \n"," 13  AgeinYr      10494 non-null  int64  \n"," 14  BMI          10494 non-null  float64\n"," 15  BMICat       10494 non-null  object \n"," 16  AgeGroup     10494 non-null  object \n","dtypes: float64(2), int64(13), object(2)\n","memory usage: 1.4+ MB\n","None\n"]}]},{"cell_type":"markdown","source":["**describe() Function**"],"metadata":{"id":"idOKa4Zel-wP"}},{"cell_type":"code","source":["print(Health_Scrng.describe()) # returns description of the data in the DataFrame."],"metadata":{"id":"hntmkrBTvvB_","colab":{"base_uri":"https://localhost:8080/"},"executionInfo":{"status":"ok","timestamp":1648472205468,"user_tz":-60,"elapsed":336,"user":{"displayName":"SAYALI JADHAV","photoUrl":"https://lh3.googleusercontent.com/a-/AOh14GgIDhIl74aCYMmEcr4cJ42IYAm1yT2fvv6y4kTAlg=s64","userId":"03837682807062617368"}},"outputId":"f229a006-2dc9-4d03-b370-47bd9947d9c4"},"execution_count":null,"outputs":[{"output_type":"stream","name":"stdout","text":["                 id           age        gender        height        weight  \\\n","count  10494.000000  10494.000000  10494.000000  10494.000000  10494.000000   \n","mean   49711.440919  19475.761292      1.342672    164.298933     74.118087   \n","std    28721.962654   2458.905794      0.474626      8.114785     14.345995   \n","min       28.000000  10878.000000      1.000000     68.000000     32.000000   \n","25%    24904.250000  17696.250000      1.000000    159.000000     65.000000   \n","50%    49676.500000  19712.000000      1.000000    165.000000     72.000000   \n","75%    74409.250000  21319.750000      2.000000    170.000000     82.000000   \n","max    99999.000000  23646.000000      2.000000    198.000000    183.000000   \n","\n","              ap_hi         ap_lo   cholesterol          gluc         smoke  \\\n","count  10494.000000  10494.000000  10494.000000  10494.000000  10494.000000   \n","mean     126.568325     96.728797      1.366114      1.226892      0.086049   \n","std       18.195955    171.093650      0.681500      0.573134      0.280450   \n","min     -120.000000      0.000000      1.000000      1.000000      0.000000   \n","25%      120.000000     80.000000      1.000000      1.000000      0.000000   \n","50%      120.000000     80.000000      1.000000      1.000000      0.000000   \n","75%      140.000000     90.000000      1.000000      1.000000      0.000000   \n","max      230.000000   8099.000000      3.000000      3.000000      1.000000   \n","\n","               alco        active        cardio       AgeinYr           BMI  \n","count  10494.000000  10494.000000  10494.000000  10494.000000  10494.000000  \n","mean       0.053173      0.802363      0.498856     52.859634     27.521698  \n","std        0.224389      0.398236      0.500023      6.743028      5.747366  \n","min        0.000000      0.000000      0.000000     29.000000     15.000000  \n","25%        0.000000      1.000000      0.000000     48.000000     23.900000  \n","50%        0.000000      1.000000      0.000000     54.000000     26.400000  \n","75%        0.000000      1.000000      1.000000     58.000000     30.300000  \n","max        1.000000      1.000000      1.000000     64.000000    153.500000  \n"]}]},{"cell_type":"markdown","source":["**Target Variable Defination**"],"metadata":{"id":"85DA_GOzgJWH"}},{"cell_type":"code","source":["Health_Scrng['BMICat'] = Health_Scrng['BMICat'].map({'Normal':0,'Obese':1,'Under Weight':2,'Over Weight':3})  #As our target variable was Categorical we have mapped numerical values to them to find result"],"metadata":{"id":"rJkQaYHwf_cz"},"execution_count":null,"outputs":[]},{"cell_type":"markdown","source":["**Heatmap Representation**"],"metadata":{"id":"De2fkZjHghka"}},{"cell_type":"code","source":["#plotting correlation Heatmap for Finalized Datset\n","corrs = Health_Scrng.corr() # calculates the relationship between each column in your data set.\n","figure = ff.create_annotated_heatmap(\n","    z=corrs.values,\n","    x=list(corrs.columns),\n","    y=list(corrs.index),\n","    annotation_text=corrs.round(2).values,\n","    showscale=True)  # round() fucntion is used for round off values \n","figure.show() # display all figures "],"metadata":{"colab":{"base_uri":"https://localhost:8080/","height":542},"id":"jU2lxm0d47Yv","executionInfo":{"status":"ok","timestamp":1648472210427,"user_tz":-60,"elapsed":523,"user":{"displayName":"SAYALI JADHAV","photoUrl":"https://lh3.googleusercontent.com/a-/AOh14GgIDhIl74aCYMmEcr4cJ42IYAm1yT2fvv6y4kTAlg=s64","userId":"03837682807062617368"}},"outputId":"ce194d13-2124-451f-87d8-ed4ee532d744"},"execution_count":null,"outputs":[{"output_type":"display_data","data":{"text/html":["<html>\n","<head><meta charset=\"utf-8\" /></head>\n","<body>\n","    <div>            <script src=\"https://cdnjs.cloudflare.com/ajax/libs/mathjax/2.7.5/MathJax.js?config=TeX-AMS-MML_SVG\"></script><script type=\"text/javascript\">if (window.MathJax) {MathJax.Hub.Config({SVG: {font: \"STIX-Web\"}});}</script>                <script type=\"text/javascript\">window.PlotlyConfig = {MathJaxConfig: 'local'};</script>\n","        <script src=\"https://cdn.plot.ly/plotly-2.8.3.min.js\"></script>                <div id=\"e47286a5-d08f-4aa0-a41c-26ee031fe844\" class=\"plotly-graph-div\" style=\"height:525px; width:100%;\"></div>            <script type=\"text/javascript\">                                    window.PLOTLYENV=window.PLOTLYENV || {};                                    if (document.getElementById(\"e47286a5-d08f-4aa0-a41c-26ee031fe844\")) {                    Plotly.newPlot(                        \"e47286a5-d08f-4aa0-a41c-26ee031fe844\",                        [{\"colorscale\":[[0.0,\"#0d0887\"],[0.1111111111111111,\"#46039f\"],[0.2222222222222222,\"#7201a8\"],[0.3333333333333333,\"#9c179e\"],[0.4444444444444444,\"#bd3786\"],[0.5555555555555556,\"#d8576b\"],[0.6666666666666666,\"#ed7953\"],[0.7777777777777778,\"#fb9f3a\"],[0.8888888888888888,\"#fdca26\"],[1.0,\"#f0f921\"]],\"reversescale\":false,\"showscale\":true,\"x\":[\"id\",\"age\",\"gender\",\"height\",\"weight\",\"ap_hi\",\"ap_lo\",\"cholesterol\",\"gluc\",\"smoke\",\"alco\",\"active\",\"cardio\",\"AgeinYr\",\"BMI\",\"BMICat\"],\"y\":[\"id\",\"age\",\"gender\",\"height\",\"weight\",\"ap_hi\",\"ap_lo\",\"cholesterol\",\"gluc\",\"smoke\",\"alco\",\"active\",\"cardio\",\"AgeinYr\",\"BMI\",\"BMICat\"],\"z\":[[1.0,-0.009368588396489083,-0.012540996672701222,-0.017737702338129928,0.0002682723273445395,-0.01622264253726316,-0.02442890274366386,-0.0027073309146410157,0.00431042697036249,-0.01776131614387105,-8.891545334531933e-05,0.025161847544241278,-0.0014624965837723325,-0.009132071334388456,0.010623416416568178,-0.0016538252449840238],[-0.009368588396489083,1.0,-0.011227594320629742,-0.06717574997257218,0.05445669571969949,0.21242686942937777,0.02376497815764979,0.16624146031016004,0.11168819646528576,-0.0547291116281468,-0.0360162961400138,-0.01427398069279689,0.23971044485299084,0.9990917217905798,0.08143552612846487,0.03556896487928656],[-0.012540996672701222,-0.011227594320629742,1.0,0.49329998136072994,0.16292538866211093,0.0674275273355343,0.020655421750141654,-0.02461548014458866,-0.011877326304521738,0.3412070013680726,0.17251586231218743,0.004387478700066968,0.02052499755888958,-0.011382433220711386,-0.0897669785170521,0.022015689651493035],[-0.017737702338129928,-0.06717574997257218,0.49329998136072994,1.0,0.3057875789478828,0.02728819869608787,0.0004236416336162298,-0.04939800830523119,-0.017084700304751736,0.18668702648528085,0.10767041021836134,-0.014332819236808882,0.013859576014978257,-0.06690954510395479,-0.25839219207820124,-0.006537896767282798],[0.0002682723273445395,0.05445669571969949,0.16292538866211093,0.3057875789478828,1.0,0.2647737701020485,0.03742098371432407,0.13838681883547485,0.09773169246399328,0.0697533825111439,0.0784834578186801,-0.03914245350486885,0.19786749230633538,0.05420108310702035,0.8002163441453017,0.1973424000126263],[-0.01622264253726316,0.21242686942937777,0.0674275273355343,0.02728819869608787,0.2647737701020485,1.0,0.1663843297598944,0.1921435107389694,0.08724243124777449,0.03678686323237144,0.028846785225946334,-0.00113492798111845,0.40120529873495514,0.21227829117062869,0.2340314041854348,0.08650640108181744],[-0.02442890274366386,0.02376497815764979,0.020655421750141654,0.0004236416336162298,0.03742098371432407,0.1663843297598944,1.0,0.022223336224063233,0.0068582569573229935,0.013001099392498775,0.014666575835499646,-0.00012095193237393095,0.07135005011558444,0.023625268677540005,0.033211148308611944,0.018606309143583247],[-0.0027073309146410157,0.16624146031016004,-0.02461548014458866,-0.04939800830523119,0.13838681883547485,0.1921435107389694,0.022223336224063233,1.0,0.46121659779087526,0.024133275606798683,0.030978606334868774,-0.0023455607979651367,0.22132853950121278,0.16560370968366653,0.15256313928260617,0.03899687728719808],[0.00431042697036249,0.11168819646528576,-0.011877326304521738,-0.017084700304751736,0.09773169246399328,0.08724243124777449,0.0068582569573229935,0.46121659779087526,1.0,0.005405511725922729,0.024005615281589506,-0.020637987561915372,0.08254596834249643,0.11119609535574608,0.0965782276216682,0.007976255257343594],[-0.01776131614387105,-0.0547291116281468,0.3412070013680726,0.18668702648528085,0.0697533825111439,0.03678686323237144,0.013001099392498775,0.024133275606798683,0.005405511725922729,1.0,0.3467756168494674,0.03196994733741264,-0.022064950395694248,-0.05489304076923278,-0.028208464341856095,0.02752684497636015],[-8.891545334531933e-05,-0.0360162961400138,0.17251586231218743,0.10767041021836134,0.0784834578186801,0.028846785225946334,0.014666575835499646,0.030978606334868774,0.024005615281589506,0.3467756168494674,1.0,0.02802880940865944,-0.00965072653597701,-0.03607045855662556,0.01832598946717422,0.026003965406081006],[0.025161847544241278,-0.01427398069279689,0.004387478700066968,-0.014332819236808882,-0.03914245350486885,-0.00113492798111845,-0.00012095193237393095,-0.0023455607979651367,-0.020637987561915372,0.03196994733741264,0.02802880940865944,1.0,-0.03463690907132264,-0.014058237696114351,-0.03280662074597617,0.012652498585909914],[-0.0014624965837723325,0.23971044485299084,0.02052499755888958,0.013859576014978257,0.19786749230633538,0.40120529873495514,0.07135005011558444,0.22132853950121278,0.08254596834249643,-0.022064950395694248,-0.00965072653597701,-0.03463690907132264,1.0,0.23948787951339104,0.17588545220600815,0.07765758352373453],[-0.009132071334388456,0.9990917217905798,-0.011382433220711386,-0.06690954510395479,0.05420108310702035,0.21227829117062869,0.023625268677540005,0.16560370968366653,0.11119609535574608,-0.05489304076923278,-0.03607045855662556,-0.014058237696114351,0.23948787951339104,1.0,0.08099435793689419,0.03551286119648607],[0.010623416416568178,0.08143552612846487,-0.0897669785170521,-0.25839219207820124,0.8002163441453017,0.2340314041854348,0.033211148308611944,0.15256313928260617,0.0965782276216682,-0.028208464341856095,0.01832598946717422,-0.03280662074597617,0.17588545220600815,0.08099435793689419,1.0,0.1772233083546651],[-0.0016538252449840238,0.03556896487928656,0.022015689651493035,-0.006537896767282798,0.1973424000126263,0.08650640108181744,0.018606309143583247,0.03899687728719808,0.007976255257343594,0.02752684497636015,0.026003965406081006,0.012652498585909914,0.07765758352373453,0.03551286119648607,0.1772233083546651,1.0]],\"type\":\"heatmap\"}],                        {\"annotations\":[{\"font\":{\"color\":\"#000000\"},\"showarrow\":false,\"text\":\"1.0\",\"x\":\"id\",\"xref\":\"x\",\"y\":\"id\",\"yref\":\"y\"},{\"font\":{\"color\":\"#FFFFFF\"},\"showarrow\":false,\"text\":\"-0.01\",\"x\":\"age\",\"xref\":\"x\",\"y\":\"id\",\"yref\":\"y\"},{\"font\":{\"color\":\"#FFFFFF\"},\"showarrow\":false,\"text\":\"-0.01\",\"x\":\"gender\",\"xref\":\"x\",\"y\":\"id\",\"yref\":\"y\"},{\"font\":{\"color\":\"#FFFFFF\"},\"showarrow\":false,\"text\":\"-0.02\",\"x\":\"height\",\"xref\":\"x\",\"y\":\"id\",\"yref\":\"y\"},{\"font\":{\"color\":\"#FFFFFF\"},\"showarrow\":false,\"text\":\"0.0\",\"x\":\"weight\",\"xref\":\"x\",\"y\":\"id\",\"yref\":\"y\"},{\"font\":{\"color\":\"#FFFFFF\"},\"showarrow\":false,\"text\":\"-0.02\",\"x\":\"ap_hi\",\"xref\":\"x\",\"y\":\"id\",\"yref\":\"y\"},{\"font\":{\"color\":\"#FFFFFF\"},\"showarrow\":false,\"text\":\"-0.02\",\"x\":\"ap_lo\",\"xref\":\"x\",\"y\":\"id\",\"yref\":\"y\"},{\"font\":{\"color\":\"#FFFFFF\"},\"showarrow\":false,\"text\":\"-0.0\",\"x\":\"cholesterol\",\"xref\":\"x\",\"y\":\"id\",\"yref\":\"y\"},{\"font\":{\"color\":\"#FFFFFF\"},\"showarrow\":false,\"text\":\"0.0\",\"x\":\"gluc\",\"xref\":\"x\",\"y\":\"id\",\"yref\":\"y\"},{\"font\":{\"color\":\"#FFFFFF\"},\"showarrow\":false,\"text\":\"-0.02\",\"x\":\"smoke\",\"xref\":\"x\",\"y\":\"id\",\"yref\":\"y\"},{\"font\":{\"color\":\"#FFFFFF\"},\"showarrow\":false,\"text\":\"-0.0\",\"x\":\"alco\",\"xref\":\"x\",\"y\":\"id\",\"yref\":\"y\"},{\"font\":{\"color\":\"#FFFFFF\"},\"showarrow\":false,\"text\":\"0.03\",\"x\":\"active\",\"xref\":\"x\",\"y\":\"id\",\"yref\":\"y\"},{\"font\":{\"color\":\"#FFFFFF\"},\"showarrow\":false,\"text\":\"-0.0\",\"x\":\"cardio\",\"xref\":\"x\",\"y\":\"id\",\"yref\":\"y\"},{\"font\":{\"color\":\"#FFFFFF\"},\"showarrow\":false,\"text\":\"-0.01\",\"x\":\"AgeinYr\",\"xref\":\"x\",\"y\":\"id\",\"yref\":\"y\"},{\"font\":{\"color\":\"#FFFFFF\"},\"showarrow\":false,\"text\":\"0.01\",\"x\":\"BMI\",\"xref\":\"x\",\"y\":\"id\",\"yref\":\"y\"},{\"font\":{\"color\":\"#FFFFFF\"},\"showarrow\":false,\"text\":\"-0.0\",\"x\":\"BMICat\",\"xref\":\"x\",\"y\":\"id\",\"yref\":\"y\"},{\"font\":{\"color\":\"#FFFFFF\"},\"showarrow\":false,\"text\":\"-0.01\",\"x\":\"id\",\"xref\":\"x\",\"y\":\"age\",\"yref\":\"y\"},{\"font\":{\"color\":\"#000000\"},\"showarrow\":false,\"text\":\"1.0\",\"x\":\"age\",\"xref\":\"x\",\"y\":\"age\",\"yref\":\"y\"},{\"font\":{\"color\":\"#FFFFFF\"},\"showarrow\":false,\"text\":\"-0.01\",\"x\":\"gender\",\"xref\":\"x\",\"y\":\"age\",\"yref\":\"y\"},{\"font\":{\"color\":\"#FFFFFF\"},\"showarrow\":false,\"text\":\"-0.07\",\"x\":\"height\",\"xref\":\"x\",\"y\":\"age\",\"yref\":\"y\"},{\"font\":{\"color\":\"#FFFFFF\"},\"showarrow\":false,\"text\":\"0.05\",\"x\":\"weight\",\"xref\":\"x\",\"y\":\"age\",\"yref\":\"y\"},{\"font\":{\"color\":\"#FFFFFF\"},\"showarrow\":false,\"text\":\"0.21\",\"x\":\"ap_hi\",\"xref\":\"x\",\"y\":\"age\",\"yref\":\"y\"},{\"font\":{\"color\":\"#FFFFFF\"},\"showarrow\":false,\"text\":\"0.02\",\"x\":\"ap_lo\",\"xref\":\"x\",\"y\":\"age\",\"yref\":\"y\"},{\"font\":{\"color\":\"#FFFFFF\"},\"showarrow\":false,\"text\":\"0.17\",\"x\":\"cholesterol\",\"xref\":\"x\",\"y\":\"age\",\"yref\":\"y\"},{\"font\":{\"color\":\"#FFFFFF\"},\"showarrow\":false,\"text\":\"0.11\",\"x\":\"gluc\",\"xref\":\"x\",\"y\":\"age\",\"yref\":\"y\"},{\"font\":{\"color\":\"#FFFFFF\"},\"showarrow\":false,\"text\":\"-0.05\",\"x\":\"smoke\",\"xref\":\"x\",\"y\":\"age\",\"yref\":\"y\"},{\"font\":{\"color\":\"#FFFFFF\"},\"showarrow\":false,\"text\":\"-0.04\",\"x\":\"alco\",\"xref\":\"x\",\"y\":\"age\",\"yref\":\"y\"},{\"font\":{\"color\":\"#FFFFFF\"},\"showarrow\":false,\"text\":\"-0.01\",\"x\":\"active\",\"xref\":\"x\",\"y\":\"age\",\"yref\":\"y\"},{\"font\":{\"color\":\"#FFFFFF\"},\"showarrow\":false,\"text\":\"0.24\",\"x\":\"cardio\",\"xref\":\"x\",\"y\":\"age\",\"yref\":\"y\"},{\"font\":{\"color\":\"#000000\"},\"showarrow\":false,\"text\":\"1.0\",\"x\":\"AgeinYr\",\"xref\":\"x\",\"y\":\"age\",\"yref\":\"y\"},{\"font\":{\"color\":\"#FFFFFF\"},\"showarrow\":false,\"text\":\"0.08\",\"x\":\"BMI\",\"xref\":\"x\",\"y\":\"age\",\"yref\":\"y\"},{\"font\":{\"color\":\"#FFFFFF\"},\"showarrow\":false,\"text\":\"0.04\",\"x\":\"BMICat\",\"xref\":\"x\",\"y\":\"age\",\"yref\":\"y\"},{\"font\":{\"color\":\"#FFFFFF\"},\"showarrow\":false,\"text\":\"-0.01\",\"x\":\"id\",\"xref\":\"x\",\"y\":\"gender\",\"yref\":\"y\"},{\"font\":{\"color\":\"#FFFFFF\"},\"showarrow\":false,\"text\":\"-0.01\",\"x\":\"age\",\"xref\":\"x\",\"y\":\"gender\",\"yref\":\"y\"},{\"font\":{\"color\":\"#000000\"},\"showarrow\":false,\"text\":\"1.0\",\"x\":\"gender\",\"xref\":\"x\",\"y\":\"gender\",\"yref\":\"y\"},{\"font\":{\"color\":\"#000000\"},\"showarrow\":false,\"text\":\"0.49\",\"x\":\"height\",\"xref\":\"x\",\"y\":\"gender\",\"yref\":\"y\"},{\"font\":{\"color\":\"#FFFFFF\"},\"showarrow\":false,\"text\":\"0.16\",\"x\":\"weight\",\"xref\":\"x\",\"y\":\"gender\",\"yref\":\"y\"},{\"font\":{\"color\":\"#FFFFFF\"},\"showarrow\":false,\"text\":\"0.07\",\"x\":\"ap_hi\",\"xref\":\"x\",\"y\":\"gender\",\"yref\":\"y\"},{\"font\":{\"color\":\"#FFFFFF\"},\"showarrow\":false,\"text\":\"0.02\",\"x\":\"ap_lo\",\"xref\":\"x\",\"y\":\"gender\",\"yref\":\"y\"},{\"font\":{\"color\":\"#FFFFFF\"},\"showarrow\":false,\"text\":\"-0.02\",\"x\":\"cholesterol\",\"xref\":\"x\",\"y\":\"gender\",\"yref\":\"y\"},{\"font\":{\"color\":\"#FFFFFF\"},\"showarrow\":false,\"text\":\"-0.01\",\"x\":\"gluc\",\"xref\":\"x\",\"y\":\"gender\",\"yref\":\"y\"},{\"font\":{\"color\":\"#FFFFFF\"},\"showarrow\":false,\"text\":\"0.34\",\"x\":\"smoke\",\"xref\":\"x\",\"y\":\"gender\",\"yref\":\"y\"},{\"font\":{\"color\":\"#FFFFFF\"},\"showarrow\":false,\"text\":\"0.17\",\"x\":\"alco\",\"xref\":\"x\",\"y\":\"gender\",\"yref\":\"y\"},{\"font\":{\"color\":\"#FFFFFF\"},\"showarrow\":false,\"text\":\"0.0\",\"x\":\"active\",\"xref\":\"x\",\"y\":\"gender\",\"yref\":\"y\"},{\"font\":{\"color\":\"#FFFFFF\"},\"showarrow\":false,\"text\":\"0.02\",\"x\":\"cardio\",\"xref\":\"x\",\"y\":\"gender\",\"yref\":\"y\"},{\"font\":{\"color\":\"#FFFFFF\"},\"showarrow\":false,\"text\":\"-0.01\",\"x\":\"AgeinYr\",\"xref\":\"x\",\"y\":\"gender\",\"yref\":\"y\"},{\"font\":{\"color\":\"#FFFFFF\"},\"showarrow\":false,\"text\":\"-0.09\",\"x\":\"BMI\",\"xref\":\"x\",\"y\":\"gender\",\"yref\":\"y\"},{\"font\":{\"color\":\"#FFFFFF\"},\"showarrow\":false,\"text\":\"0.02\",\"x\":\"BMICat\",\"xref\":\"x\",\"y\":\"gender\",\"yref\":\"y\"},{\"font\":{\"color\":\"#FFFFFF\"},\"showarrow\":false,\"text\":\"-0.02\",\"x\":\"id\",\"xref\":\"x\",\"y\":\"height\",\"yref\":\"y\"},{\"font\":{\"color\":\"#FFFFFF\"},\"showarrow\":false,\"text\":\"-0.07\",\"x\":\"age\",\"xref\":\"x\",\"y\":\"height\",\"yref\":\"y\"},{\"font\":{\"color\":\"#000000\"},\"showarrow\":false,\"text\":\"0.49\",\"x\":\"gender\",\"xref\":\"x\",\"y\":\"height\",\"yref\":\"y\"},{\"font\":{\"color\":\"#000000\"},\"showarrow\":false,\"text\":\"1.0\",\"x\":\"height\",\"xref\":\"x\",\"y\":\"height\",\"yref\":\"y\"},{\"font\":{\"color\":\"#FFFFFF\"},\"showarrow\":false,\"text\":\"0.31\",\"x\":\"weight\",\"xref\":\"x\",\"y\":\"height\",\"yref\":\"y\"},{\"font\":{\"color\":\"#FFFFFF\"},\"showarrow\":false,\"text\":\"0.03\",\"x\":\"ap_hi\",\"xref\":\"x\",\"y\":\"height\",\"yref\":\"y\"},{\"font\":{\"color\":\"#FFFFFF\"},\"showarrow\":false,\"text\":\"0.0\",\"x\":\"ap_lo\",\"xref\":\"x\",\"y\":\"height\",\"yref\":\"y\"},{\"font\":{\"color\":\"#FFFFFF\"},\"showarrow\":false,\"text\":\"-0.05\",\"x\":\"cholesterol\",\"xref\":\"x\",\"y\":\"height\",\"yref\":\"y\"},{\"font\":{\"color\":\"#FFFFFF\"},\"showarrow\":false,\"text\":\"-0.02\",\"x\":\"gluc\",\"xref\":\"x\",\"y\":\"height\",\"yref\":\"y\"},{\"font\":{\"color\":\"#FFFFFF\"},\"showarrow\":false,\"text\":\"0.19\",\"x\":\"smoke\",\"xref\":\"x\",\"y\":\"height\",\"yref\":\"y\"},{\"font\":{\"color\":\"#FFFFFF\"},\"showarrow\":false,\"text\":\"0.11\",\"x\":\"alco\",\"xref\":\"x\",\"y\":\"height\",\"yref\":\"y\"},{\"font\":{\"color\":\"#FFFFFF\"},\"showarrow\":false,\"text\":\"-0.01\",\"x\":\"active\",\"xref\":\"x\",\"y\":\"height\",\"yref\":\"y\"},{\"font\":{\"color\":\"#FFFFFF\"},\"showarrow\":false,\"text\":\"0.01\",\"x\":\"cardio\",\"xref\":\"x\",\"y\":\"height\",\"yref\":\"y\"},{\"font\":{\"color\":\"#FFFFFF\"},\"showarrow\":false,\"text\":\"-0.07\",\"x\":\"AgeinYr\",\"xref\":\"x\",\"y\":\"height\",\"yref\":\"y\"},{\"font\":{\"color\":\"#FFFFFF\"},\"showarrow\":false,\"text\":\"-0.26\",\"x\":\"BMI\",\"xref\":\"x\",\"y\":\"height\",\"yref\":\"y\"},{\"font\":{\"color\":\"#FFFFFF\"},\"showarrow\":false,\"text\":\"-0.01\",\"x\":\"BMICat\",\"xref\":\"x\",\"y\":\"height\",\"yref\":\"y\"},{\"font\":{\"color\":\"#FFFFFF\"},\"showarrow\":false,\"text\":\"0.0\",\"x\":\"id\",\"xref\":\"x\",\"y\":\"weight\",\"yref\":\"y\"},{\"font\":{\"color\":\"#FFFFFF\"},\"showarrow\":false,\"text\":\"0.05\",\"x\":\"age\",\"xref\":\"x\",\"y\":\"weight\",\"yref\":\"y\"},{\"font\":{\"color\":\"#FFFFFF\"},\"showarrow\":false,\"text\":\"0.16\",\"x\":\"gender\",\"xref\":\"x\",\"y\":\"weight\",\"yref\":\"y\"},{\"font\":{\"color\":\"#FFFFFF\"},\"showarrow\":false,\"text\":\"0.31\",\"x\":\"height\",\"xref\":\"x\",\"y\":\"weight\",\"yref\":\"y\"},{\"font\":{\"color\":\"#000000\"},\"showarrow\":false,\"text\":\"1.0\",\"x\":\"weight\",\"xref\":\"x\",\"y\":\"weight\",\"yref\":\"y\"},{\"font\":{\"color\":\"#FFFFFF\"},\"showarrow\":false,\"text\":\"0.26\",\"x\":\"ap_hi\",\"xref\":\"x\",\"y\":\"weight\",\"yref\":\"y\"},{\"font\":{\"color\":\"#FFFFFF\"},\"showarrow\":false,\"text\":\"0.04\",\"x\":\"ap_lo\",\"xref\":\"x\",\"y\":\"weight\",\"yref\":\"y\"},{\"font\":{\"color\":\"#FFFFFF\"},\"showarrow\":false,\"text\":\"0.14\",\"x\":\"cholesterol\",\"xref\":\"x\",\"y\":\"weight\",\"yref\":\"y\"},{\"font\":{\"color\":\"#FFFFFF\"},\"showarrow\":false,\"text\":\"0.1\",\"x\":\"gluc\",\"xref\":\"x\",\"y\":\"weight\",\"yref\":\"y\"},{\"font\":{\"color\":\"#FFFFFF\"},\"showarrow\":false,\"text\":\"0.07\",\"x\":\"smoke\",\"xref\":\"x\",\"y\":\"weight\",\"yref\":\"y\"},{\"font\":{\"color\":\"#FFFFFF\"},\"showarrow\":false,\"text\":\"0.08\",\"x\":\"alco\",\"xref\":\"x\",\"y\":\"weight\",\"yref\":\"y\"},{\"font\":{\"color\":\"#FFFFFF\"},\"showarrow\":false,\"text\":\"-0.04\",\"x\":\"active\",\"xref\":\"x\",\"y\":\"weight\",\"yref\":\"y\"},{\"font\":{\"color\":\"#FFFFFF\"},\"showarrow\":false,\"text\":\"0.2\",\"x\":\"cardio\",\"xref\":\"x\",\"y\":\"weight\",\"yref\":\"y\"},{\"font\":{\"color\":\"#FFFFFF\"},\"showarrow\":false,\"text\":\"0.05\",\"x\":\"AgeinYr\",\"xref\":\"x\",\"y\":\"weight\",\"yref\":\"y\"},{\"font\":{\"color\":\"#000000\"},\"showarrow\":false,\"text\":\"0.8\",\"x\":\"BMI\",\"xref\":\"x\",\"y\":\"weight\",\"yref\":\"y\"},{\"font\":{\"color\":\"#FFFFFF\"},\"showarrow\":false,\"text\":\"0.2\",\"x\":\"BMICat\",\"xref\":\"x\",\"y\":\"weight\",\"yref\":\"y\"},{\"font\":{\"color\":\"#FFFFFF\"},\"showarrow\":false,\"text\":\"-0.02\",\"x\":\"id\",\"xref\":\"x\",\"y\":\"ap_hi\",\"yref\":\"y\"},{\"font\":{\"color\":\"#FFFFFF\"},\"showarrow\":false,\"text\":\"0.21\",\"x\":\"age\",\"xref\":\"x\",\"y\":\"ap_hi\",\"yref\":\"y\"},{\"font\":{\"color\":\"#FFFFFF\"},\"showarrow\":false,\"text\":\"0.07\",\"x\":\"gender\",\"xref\":\"x\",\"y\":\"ap_hi\",\"yref\":\"y\"},{\"font\":{\"color\":\"#FFFFFF\"},\"showarrow\":false,\"text\":\"0.03\",\"x\":\"height\",\"xref\":\"x\",\"y\":\"ap_hi\",\"yref\":\"y\"},{\"font\":{\"color\":\"#FFFFFF\"},\"showarrow\":false,\"text\":\"0.26\",\"x\":\"weight\",\"xref\":\"x\",\"y\":\"ap_hi\",\"yref\":\"y\"},{\"font\":{\"color\":\"#000000\"},\"showarrow\":false,\"text\":\"1.0\",\"x\":\"ap_hi\",\"xref\":\"x\",\"y\":\"ap_hi\",\"yref\":\"y\"},{\"font\":{\"color\":\"#FFFFFF\"},\"showarrow\":false,\"text\":\"0.17\",\"x\":\"ap_lo\",\"xref\":\"x\",\"y\":\"ap_hi\",\"yref\":\"y\"},{\"font\":{\"color\":\"#FFFFFF\"},\"showarrow\":false,\"text\":\"0.19\",\"x\":\"cholesterol\",\"xref\":\"x\",\"y\":\"ap_hi\",\"yref\":\"y\"},{\"font\":{\"color\":\"#FFFFFF\"},\"showarrow\":false,\"text\":\"0.09\",\"x\":\"gluc\",\"xref\":\"x\",\"y\":\"ap_hi\",\"yref\":\"y\"},{\"font\":{\"color\":\"#FFFFFF\"},\"showarrow\":false,\"text\":\"0.04\",\"x\":\"smoke\",\"xref\":\"x\",\"y\":\"ap_hi\",\"yref\":\"y\"},{\"font\":{\"color\":\"#FFFFFF\"},\"showarrow\":false,\"text\":\"0.03\",\"x\":\"alco\",\"xref\":\"x\",\"y\":\"ap_hi\",\"yref\":\"y\"},{\"font\":{\"color\":\"#FFFFFF\"},\"showarrow\":false,\"text\":\"-0.0\",\"x\":\"active\",\"xref\":\"x\",\"y\":\"ap_hi\",\"yref\":\"y\"},{\"font\":{\"color\":\"#000000\"},\"showarrow\":false,\"text\":\"0.4\",\"x\":\"cardio\",\"xref\":\"x\",\"y\":\"ap_hi\",\"yref\":\"y\"},{\"font\":{\"color\":\"#FFFFFF\"},\"showarrow\":false,\"text\":\"0.21\",\"x\":\"AgeinYr\",\"xref\":\"x\",\"y\":\"ap_hi\",\"yref\":\"y\"},{\"font\":{\"color\":\"#FFFFFF\"},\"showarrow\":false,\"text\":\"0.23\",\"x\":\"BMI\",\"xref\":\"x\",\"y\":\"ap_hi\",\"yref\":\"y\"},{\"font\":{\"color\":\"#FFFFFF\"},\"showarrow\":false,\"text\":\"0.09\",\"x\":\"BMICat\",\"xref\":\"x\",\"y\":\"ap_hi\",\"yref\":\"y\"},{\"font\":{\"color\":\"#FFFFFF\"},\"showarrow\":false,\"text\":\"-0.02\",\"x\":\"id\",\"xref\":\"x\",\"y\":\"ap_lo\",\"yref\":\"y\"},{\"font\":{\"color\":\"#FFFFFF\"},\"showarrow\":false,\"text\":\"0.02\",\"x\":\"age\",\"xref\":\"x\",\"y\":\"ap_lo\",\"yref\":\"y\"},{\"font\":{\"color\":\"#FFFFFF\"},\"showarrow\":false,\"text\":\"0.02\",\"x\":\"gender\",\"xref\":\"x\",\"y\":\"ap_lo\",\"yref\":\"y\"},{\"font\":{\"color\":\"#FFFFFF\"},\"showarrow\":false,\"text\":\"0.0\",\"x\":\"height\",\"xref\":\"x\",\"y\":\"ap_lo\",\"yref\":\"y\"},{\"font\":{\"color\":\"#FFFFFF\"},\"showarrow\":false,\"text\":\"0.04\",\"x\":\"weight\",\"xref\":\"x\",\"y\":\"ap_lo\",\"yref\":\"y\"},{\"font\":{\"color\":\"#FFFFFF\"},\"showarrow\":false,\"text\":\"0.17\",\"x\":\"ap_hi\",\"xref\":\"x\",\"y\":\"ap_lo\",\"yref\":\"y\"},{\"font\":{\"color\":\"#000000\"},\"showarrow\":false,\"text\":\"1.0\",\"x\":\"ap_lo\",\"xref\":\"x\",\"y\":\"ap_lo\",\"yref\":\"y\"},{\"font\":{\"color\":\"#FFFFFF\"},\"showarrow\":false,\"text\":\"0.02\",\"x\":\"cholesterol\",\"xref\":\"x\",\"y\":\"ap_lo\",\"yref\":\"y\"},{\"font\":{\"color\":\"#FFFFFF\"},\"showarrow\":false,\"text\":\"0.01\",\"x\":\"gluc\",\"xref\":\"x\",\"y\":\"ap_lo\",\"yref\":\"y\"},{\"font\":{\"color\":\"#FFFFFF\"},\"showarrow\":false,\"text\":\"0.01\",\"x\":\"smoke\",\"xref\":\"x\",\"y\":\"ap_lo\",\"yref\":\"y\"},{\"font\":{\"color\":\"#FFFFFF\"},\"showarrow\":false,\"text\":\"0.01\",\"x\":\"alco\",\"xref\":\"x\",\"y\":\"ap_lo\",\"yref\":\"y\"},{\"font\":{\"color\":\"#FFFFFF\"},\"showarrow\":false,\"text\":\"-0.0\",\"x\":\"active\",\"xref\":\"x\",\"y\":\"ap_lo\",\"yref\":\"y\"},{\"font\":{\"color\":\"#FFFFFF\"},\"showarrow\":false,\"text\":\"0.07\",\"x\":\"cardio\",\"xref\":\"x\",\"y\":\"ap_lo\",\"yref\":\"y\"},{\"font\":{\"color\":\"#FFFFFF\"},\"showarrow\":false,\"text\":\"0.02\",\"x\":\"AgeinYr\",\"xref\":\"x\",\"y\":\"ap_lo\",\"yref\":\"y\"},{\"font\":{\"color\":\"#FFFFFF\"},\"showarrow\":false,\"text\":\"0.03\",\"x\":\"BMI\",\"xref\":\"x\",\"y\":\"ap_lo\",\"yref\":\"y\"},{\"font\":{\"color\":\"#FFFFFF\"},\"showarrow\":false,\"text\":\"0.02\",\"x\":\"BMICat\",\"xref\":\"x\",\"y\":\"ap_lo\",\"yref\":\"y\"},{\"font\":{\"color\":\"#FFFFFF\"},\"showarrow\":false,\"text\":\"-0.0\",\"x\":\"id\",\"xref\":\"x\",\"y\":\"cholesterol\",\"yref\":\"y\"},{\"font\":{\"color\":\"#FFFFFF\"},\"showarrow\":false,\"text\":\"0.17\",\"x\":\"age\",\"xref\":\"x\",\"y\":\"cholesterol\",\"yref\":\"y\"},{\"font\":{\"color\":\"#FFFFFF\"},\"showarrow\":false,\"text\":\"-0.02\",\"x\":\"gender\",\"xref\":\"x\",\"y\":\"cholesterol\",\"yref\":\"y\"},{\"font\":{\"color\":\"#FFFFFF\"},\"showarrow\":false,\"text\":\"-0.05\",\"x\":\"height\",\"xref\":\"x\",\"y\":\"cholesterol\",\"yref\":\"y\"},{\"font\":{\"color\":\"#FFFFFF\"},\"showarrow\":false,\"text\":\"0.14\",\"x\":\"weight\",\"xref\":\"x\",\"y\":\"cholesterol\",\"yref\":\"y\"},{\"font\":{\"color\":\"#FFFFFF\"},\"showarrow\":false,\"text\":\"0.19\",\"x\":\"ap_hi\",\"xref\":\"x\",\"y\":\"cholesterol\",\"yref\":\"y\"},{\"font\":{\"color\":\"#FFFFFF\"},\"showarrow\":false,\"text\":\"0.02\",\"x\":\"ap_lo\",\"xref\":\"x\",\"y\":\"cholesterol\",\"yref\":\"y\"},{\"font\":{\"color\":\"#000000\"},\"showarrow\":false,\"text\":\"1.0\",\"x\":\"cholesterol\",\"xref\":\"x\",\"y\":\"cholesterol\",\"yref\":\"y\"},{\"font\":{\"color\":\"#000000\"},\"showarrow\":false,\"text\":\"0.46\",\"x\":\"gluc\",\"xref\":\"x\",\"y\":\"cholesterol\",\"yref\":\"y\"},{\"font\":{\"color\":\"#FFFFFF\"},\"showarrow\":false,\"text\":\"0.02\",\"x\":\"smoke\",\"xref\":\"x\",\"y\":\"cholesterol\",\"yref\":\"y\"},{\"font\":{\"color\":\"#FFFFFF\"},\"showarrow\":false,\"text\":\"0.03\",\"x\":\"alco\",\"xref\":\"x\",\"y\":\"cholesterol\",\"yref\":\"y\"},{\"font\":{\"color\":\"#FFFFFF\"},\"showarrow\":false,\"text\":\"-0.0\",\"x\":\"active\",\"xref\":\"x\",\"y\":\"cholesterol\",\"yref\":\"y\"},{\"font\":{\"color\":\"#FFFFFF\"},\"showarrow\":false,\"text\":\"0.22\",\"x\":\"cardio\",\"xref\":\"x\",\"y\":\"cholesterol\",\"yref\":\"y\"},{\"font\":{\"color\":\"#FFFFFF\"},\"showarrow\":false,\"text\":\"0.17\",\"x\":\"AgeinYr\",\"xref\":\"x\",\"y\":\"cholesterol\",\"yref\":\"y\"},{\"font\":{\"color\":\"#FFFFFF\"},\"showarrow\":false,\"text\":\"0.15\",\"x\":\"BMI\",\"xref\":\"x\",\"y\":\"cholesterol\",\"yref\":\"y\"},{\"font\":{\"color\":\"#FFFFFF\"},\"showarrow\":false,\"text\":\"0.04\",\"x\":\"BMICat\",\"xref\":\"x\",\"y\":\"cholesterol\",\"yref\":\"y\"},{\"font\":{\"color\":\"#FFFFFF\"},\"showarrow\":false,\"text\":\"0.0\",\"x\":\"id\",\"xref\":\"x\",\"y\":\"gluc\",\"yref\":\"y\"},{\"font\":{\"color\":\"#FFFFFF\"},\"showarrow\":false,\"text\":\"0.11\",\"x\":\"age\",\"xref\":\"x\",\"y\":\"gluc\",\"yref\":\"y\"},{\"font\":{\"color\":\"#FFFFFF\"},\"showarrow\":false,\"text\":\"-0.01\",\"x\":\"gender\",\"xref\":\"x\",\"y\":\"gluc\",\"yref\":\"y\"},{\"font\":{\"color\":\"#FFFFFF\"},\"showarrow\":false,\"text\":\"-0.02\",\"x\":\"height\",\"xref\":\"x\",\"y\":\"gluc\",\"yref\":\"y\"},{\"font\":{\"color\":\"#FFFFFF\"},\"showarrow\":false,\"text\":\"0.1\",\"x\":\"weight\",\"xref\":\"x\",\"y\":\"gluc\",\"yref\":\"y\"},{\"font\":{\"color\":\"#FFFFFF\"},\"showarrow\":false,\"text\":\"0.09\",\"x\":\"ap_hi\",\"xref\":\"x\",\"y\":\"gluc\",\"yref\":\"y\"},{\"font\":{\"color\":\"#FFFFFF\"},\"showarrow\":false,\"text\":\"0.01\",\"x\":\"ap_lo\",\"xref\":\"x\",\"y\":\"gluc\",\"yref\":\"y\"},{\"font\":{\"color\":\"#000000\"},\"showarrow\":false,\"text\":\"0.46\",\"x\":\"cholesterol\",\"xref\":\"x\",\"y\":\"gluc\",\"yref\":\"y\"},{\"font\":{\"color\":\"#000000\"},\"showarrow\":false,\"text\":\"1.0\",\"x\":\"gluc\",\"xref\":\"x\",\"y\":\"gluc\",\"yref\":\"y\"},{\"font\":{\"color\":\"#FFFFFF\"},\"showarrow\":false,\"text\":\"0.01\",\"x\":\"smoke\",\"xref\":\"x\",\"y\":\"gluc\",\"yref\":\"y\"},{\"font\":{\"color\":\"#FFFFFF\"},\"showarrow\":false,\"text\":\"0.02\",\"x\":\"alco\",\"xref\":\"x\",\"y\":\"gluc\",\"yref\":\"y\"},{\"font\":{\"color\":\"#FFFFFF\"},\"showarrow\":false,\"text\":\"-0.02\",\"x\":\"active\",\"xref\":\"x\",\"y\":\"gluc\",\"yref\":\"y\"},{\"font\":{\"color\":\"#FFFFFF\"},\"showarrow\":false,\"text\":\"0.08\",\"x\":\"cardio\",\"xref\":\"x\",\"y\":\"gluc\",\"yref\":\"y\"},{\"font\":{\"color\":\"#FFFFFF\"},\"showarrow\":false,\"text\":\"0.11\",\"x\":\"AgeinYr\",\"xref\":\"x\",\"y\":\"gluc\",\"yref\":\"y\"},{\"font\":{\"color\":\"#FFFFFF\"},\"showarrow\":false,\"text\":\"0.1\",\"x\":\"BMI\",\"xref\":\"x\",\"y\":\"gluc\",\"yref\":\"y\"},{\"font\":{\"color\":\"#FFFFFF\"},\"showarrow\":false,\"text\":\"0.01\",\"x\":\"BMICat\",\"xref\":\"x\",\"y\":\"gluc\",\"yref\":\"y\"},{\"font\":{\"color\":\"#FFFFFF\"},\"showarrow\":false,\"text\":\"-0.02\",\"x\":\"id\",\"xref\":\"x\",\"y\":\"smoke\",\"yref\":\"y\"},{\"font\":{\"color\":\"#FFFFFF\"},\"showarrow\":false,\"text\":\"-0.05\",\"x\":\"age\",\"xref\":\"x\",\"y\":\"smoke\",\"yref\":\"y\"},{\"font\":{\"color\":\"#FFFFFF\"},\"showarrow\":false,\"text\":\"0.34\",\"x\":\"gender\",\"xref\":\"x\",\"y\":\"smoke\",\"yref\":\"y\"},{\"font\":{\"color\":\"#FFFFFF\"},\"showarrow\":false,\"text\":\"0.19\",\"x\":\"height\",\"xref\":\"x\",\"y\":\"smoke\",\"yref\":\"y\"},{\"font\":{\"color\":\"#FFFFFF\"},\"showarrow\":false,\"text\":\"0.07\",\"x\":\"weight\",\"xref\":\"x\",\"y\":\"smoke\",\"yref\":\"y\"},{\"font\":{\"color\":\"#FFFFFF\"},\"showarrow\":false,\"text\":\"0.04\",\"x\":\"ap_hi\",\"xref\":\"x\",\"y\":\"smoke\",\"yref\":\"y\"},{\"font\":{\"color\":\"#FFFFFF\"},\"showarrow\":false,\"text\":\"0.01\",\"x\":\"ap_lo\",\"xref\":\"x\",\"y\":\"smoke\",\"yref\":\"y\"},{\"font\":{\"color\":\"#FFFFFF\"},\"showarrow\":false,\"text\":\"0.02\",\"x\":\"cholesterol\",\"xref\":\"x\",\"y\":\"smoke\",\"yref\":\"y\"},{\"font\":{\"color\":\"#FFFFFF\"},\"showarrow\":false,\"text\":\"0.01\",\"x\":\"gluc\",\"xref\":\"x\",\"y\":\"smoke\",\"yref\":\"y\"},{\"font\":{\"color\":\"#000000\"},\"showarrow\":false,\"text\":\"1.0\",\"x\":\"smoke\",\"xref\":\"x\",\"y\":\"smoke\",\"yref\":\"y\"},{\"font\":{\"color\":\"#FFFFFF\"},\"showarrow\":false,\"text\":\"0.35\",\"x\":\"alco\",\"xref\":\"x\",\"y\":\"smoke\",\"yref\":\"y\"},{\"font\":{\"color\":\"#FFFFFF\"},\"showarrow\":false,\"text\":\"0.03\",\"x\":\"active\",\"xref\":\"x\",\"y\":\"smoke\",\"yref\":\"y\"},{\"font\":{\"color\":\"#FFFFFF\"},\"showarrow\":false,\"text\":\"-0.02\",\"x\":\"cardio\",\"xref\":\"x\",\"y\":\"smoke\",\"yref\":\"y\"},{\"font\":{\"color\":\"#FFFFFF\"},\"showarrow\":false,\"text\":\"-0.05\",\"x\":\"AgeinYr\",\"xref\":\"x\",\"y\":\"smoke\",\"yref\":\"y\"},{\"font\":{\"color\":\"#FFFFFF\"},\"showarrow\":false,\"text\":\"-0.03\",\"x\":\"BMI\",\"xref\":\"x\",\"y\":\"smoke\",\"yref\":\"y\"},{\"font\":{\"color\":\"#FFFFFF\"},\"showarrow\":false,\"text\":\"0.03\",\"x\":\"BMICat\",\"xref\":\"x\",\"y\":\"smoke\",\"yref\":\"y\"},{\"font\":{\"color\":\"#FFFFFF\"},\"showarrow\":false,\"text\":\"-0.0\",\"x\":\"id\",\"xref\":\"x\",\"y\":\"alco\",\"yref\":\"y\"},{\"font\":{\"color\":\"#FFFFFF\"},\"showarrow\":false,\"text\":\"-0.04\",\"x\":\"age\",\"xref\":\"x\",\"y\":\"alco\",\"yref\":\"y\"},{\"font\":{\"color\":\"#FFFFFF\"},\"showarrow\":false,\"text\":\"0.17\",\"x\":\"gender\",\"xref\":\"x\",\"y\":\"alco\",\"yref\":\"y\"},{\"font\":{\"color\":\"#FFFFFF\"},\"showarrow\":false,\"text\":\"0.11\",\"x\":\"height\",\"xref\":\"x\",\"y\":\"alco\",\"yref\":\"y\"},{\"font\":{\"color\":\"#FFFFFF\"},\"showarrow\":false,\"text\":\"0.08\",\"x\":\"weight\",\"xref\":\"x\",\"y\":\"alco\",\"yref\":\"y\"},{\"font\":{\"color\":\"#FF